# x y z (NED)
14.000, 12.500, -1.424,
14.086, 12.551, -1.424,
14.164, 12.614, -1.424,
14.237, 12.682, -1.424,
14.305, 12.755, -1.424,
14.371, 12.831, -1.424,
14.432, 12.909, -1.424,
14.491, 12.990, -1.424,
14.547, 13.073, -1.424,
14.601, 13.157, -1.424,
14.652, 13.243, -1.424,
14.701, 13.331, -1.424,
14.747, 13.419, -1.424,
14.792, 13.509, -1.424,
14.835, 13.599, -1.424,
14.875, 13.690, -1.424,
14.915, 13.782, -1.424,
14.952, 13.875, -1.424,
14.988, 13.968, -1.424,
15.023, 14.062, -1.424,
15.056, 14.156, -1.424,
15.087, 14.251, -1.424,
15.117, 14.347, -1.424,
15.146, 14.442, -1.424,
15.174, 14.538, -1.424,
15.201, 14.635, -1.424,
15.226, 14.732, -1.424,
15.250, 14.829, -1.424,
15.274, 14.926, -1.424,
15.296, 15.023, -1.424,
15.317, 15.121, -1.424,
15.337, 15.219, -1.424,
15.356, 15.317, -1.424,
15.375, 15.416, -1.424,
15.392, 15.514, -1.424,
15.408, 15.613, -1.424,
15.424, 15.711, -1.424,
15.439, 15.810, -1.424,
15.453, 15.909, -1.424,
15.466, 16.008, -1.424,
15.478, 16.108, -1.424,
15.490, 16.207, -1.424,
15.501, 16.306, -1.424,
15.511, 16.406, -1.424,
15.521, 16.505, -1.424,
15.530, 16.605, -1.424,
15.538, 16.705, -1.424,
15.545, 16.804, -1.424,
15.552, 16.904, -1.424,
15.558, 17.004, -1.424,
15.564, 17.104, -1.424,
15.569, 17.204, -1.424,
15.573, 17.304, -1.424,
15.577, 17.404, -1.424,
15.580, 17.503, -1.424,
15.582, 17.603, -1.424,
15.584, 17.703, -1.424,
15.586, 17.803, -1.424,
15.587, 17.903, -1.424,
15.587, 18.003, -1.424,
15.587, 18.103, -1.424,
15.586, 18.203, -1.424,
15.585, 18.303, -1.424,
15.583, 18.403, -1.424,
15.581, 18.503, -1.424,
15.578, 18.603, -1.424,
15.575, 18.703, -1.424,
15.571, 18.803, -1.424,
15.567, 18.903, -1.424,
15.562, 19.003, -1.424,
15.557, 19.103, -1.424,
15.551, 19.203, -1.424,
15.545, 19.303, -1.424,
15.538, 19.402, -1.424,
15.531, 19.502, -1.424,
15.523, 19.602, -1.424,
15.515, 19.701, -1.424,
15.507, 19.801, -1.424,
15.498, 19.901, -1.424,
15.489, 20.000, -1.424,
15.479, 20.100, -1.424,
15.469, 20.199, -1.424,
15.458, 20.299, -1.424,
15.447, 20.398, -1.424,
15.435, 20.497, -1.424,
15.423, 20.597, -1.424,
15.411, 20.696, -1.424,
15.398, 20.795, -1.424,
15.385, 20.894, -1.424,
15.371, 20.993, -1.424,
15.357, 21.092, -1.424,
15.342, 21.191, -1.424,
15.327, 21.290, -1.424,
15.312, 21.389, -1.424,
15.296, 21.488, -1.424,
15.280, 21.586, -1.424,
15.263, 21.685, -1.424,
15.246, 21.783, -1.424,
15.229, 21.882, -1.424,
15.211, 21.980, -1.424,
15.193, 22.079, -1.424,
15.174, 22.177, -1.424,
15.155, 22.275, -1.424,
15.135, 22.373, -1.424,
15.115, 22.471, -1.424,
15.095, 22.569, -1.424,
15.074, 22.667, -1.424,
15.052, 22.764, -1.424,
15.031, 22.862, -1.424,
15.009, 22.959, -1.424,
14.986, 23.057, -1.424,
14.963, 23.154, -1.424,
14.939, 23.251, -1.424,
14.915, 23.348, -1.424,
14.891, 23.445, -1.424,
14.866, 23.542, -1.424,
14.841, 23.639, -1.424,
14.815, 23.736, -1.424,
14.789, 23.832, -1.424,
14.762, 23.929, -1.424,
14.735, 24.025, -1.424,
14.708, 24.121, -1.424,
14.680, 24.217, -1.424,
14.651, 24.313, -1.424,
14.622, 24.409, -1.424,
14.593, 24.504, -1.424,
14.563, 24.599, -1.424,
14.532, 24.695, -1.424,
14.501, 24.790, -1.424,
14.469, 24.885, -1.424,
14.437, 24.979, -1.424,
14.405, 25.074, -1.424,
14.372, 25.168, -1.424,
14.338, 25.262, -1.424,
14.303, 25.356, -1.424,
14.269, 25.450, -1.424,
14.233, 25.543, -1.424,
14.197, 25.637, -1.424,
14.161, 25.730, -1.424,
14.123, 25.823, -1.424,
14.085, 25.915, -1.424,
14.047, 26.007, -1.424,
14.008, 26.099, -1.424,
13.968, 26.191, -1.424,
13.927, 26.283, -1.424,
13.886, 26.374, -1.424,
13.844, 26.465, -1.424,
13.802, 26.555, -1.424,
13.758, 26.645, -1.424,
13.714, 26.735, -1.424,
13.669, 26.824, -1.424,
13.623, 26.913, -1.424,
13.577, 27.001, -1.424,
13.529, 27.090, -1.424,
13.481, 27.177, -1.424,
13.432, 27.264, -1.424,
13.382, 27.351, -1.424,
13.330, 27.437, -1.424,
13.278, 27.522, -1.424,
13.225, 27.607, -1.424,
13.171, 27.691, -1.424,
13.116, 27.774, -1.424,
13.060, 27.857, -1.424,
13.002, 27.939, -1.424,
12.943, 28.020, -1.424,
12.884, 28.100, -1.424,
12.822, 28.179, -1.424,
12.760, 28.257, -1.424,
12.696, 28.334, -1.424,
12.631, 28.410, -1.424,
12.564, 28.484, -1.424,
12.496, 28.558, -1.424,
12.427, 28.629, -1.424,
12.356, 28.700, -1.424,
12.283, 28.768, -1.424,
12.208, 28.835, -1.424,
12.132, 28.900, -1.424,
12.055, 28.963, -1.424,
11.975, 29.024, -1.424,
11.894, 29.082, -1.424,
11.811, 29.138, -1.424,
11.726, 29.191, -1.424,
11.640, 29.241, -1.424,
11.551, 29.288, -1.424,
11.462, 29.332, -1.424,
11.370, 29.372, -1.424,
11.277, 29.409, -1.424,
11.183, 29.442, -1.424,
11.087, 29.471, -1.424,
10.990, 29.495, -1.424,
10.892, 29.516, -1.424,
10.793, 29.532, -1.424,
10.694, 29.544, -1.424,
10.594, 29.551, -1.424,
10.494, 29.554, -1.424,
10.395, 29.552, -1.424,
10.295, 29.545, -1.424,
10.195, 29.534, -1.424,
10.097, 29.519, -1.424,
9.998, 29.500, -1.424,
9.901, 29.476, -1.424,
9.805, 29.449, -1.424,
9.710, 29.417, -1.424,
9.616, 29.382, -1.424,
9.524, 29.344, -1.424,
9.433, 29.302, -1.424,
9.344, 29.257, -1.424,
9.256, 29.209, -1.424,
9.170, 29.158, -1.424,
9.086, 29.105, -1.424,
9.003, 29.049, -1.424,
8.921, 28.991, -1.424,
8.842, 28.930, -1.424,
8.764, 28.868, -1.424,
8.687, 28.803, -1.424,
8.612, 28.737, -1.424,
8.539, 28.669, -1.424,
8.467, 28.600, -1.424,
8.397, 28.528, -1.424,
8.328, 28.456, -1.424,
8.261, 28.382, -1.424,
8.195, 28.307, -1.424,
8.130, 28.231, -1.424,
8.067, 28.153, -1.424,
8.004, 28.075, -1.424,
7.944, 27.996, -1.424,
7.884, 27.915, -1.424,
7.826, 27.834, -1.424,
7.768, 27.752, -1.424,
7.712, 27.670, -1.424,
7.657, 27.586, -1.424,
7.603, 27.502, -1.424,
7.550, 27.417, -1.424,
7.498, 27.332, -1.424,
7.447, 27.246, -1.424,
7.396, 27.159, -1.424,
7.347, 27.072, -1.424,
7.299, 26.985, -1.424,
7.251, 26.897, -1.424,
7.204, 26.808, -1.424,
7.158, 26.720, -1.424,
7.113, 26.630, -1.424,
7.069, 26.541, -1.424,
7.025, 26.451, -1.424,
6.982, 26.360, -1.424,
6.940, 26.270, -1.424,
6.899, 26.179, -1.424,
6.858, 26.088, -1.424,
6.818, 25.996, -1.424,
6.778, 25.904, -1.424,
6.739, 25.812, -1.424,
6.701, 25.720, -1.424,
6.663, 25.627, -1.424,
6.626, 25.534, -1.424,
6.590, 25.441, -1.424,
6.554, 25.348, -1.424,
6.518, 25.254, -1.424,
6.483, 25.161, -1.424,
6.449, 25.067, -1.424,
6.415, 24.973, -1.424,
6.382, 24.878, -1.424,
6.349, 24.784, -1.424,
6.316, 24.689, -1.424,
6.284, 24.594, -1.424,
6.253, 24.500, -1.424,
6.222, 24.405, -1.424,
6.191, 24.309, -1.424,
6.161, 24.214, -1.424,
6.132, 24.118, -1.424,
6.102, 24.023, -1.424,
6.073, 23.927, -1.424,
6.045, 23.831, -1.424,
6.017, 23.735, -1.424,
5.989, 23.639, -1.424,
5.962, 23.543, -1.424,
5.935, 23.447, -1.424,
5.909, 23.350, -1.424,
5.883, 23.254, -1.424,
5.857, 23.157, -1.424,
5.831, 23.060, -1.424,
5.806, 22.963, -1.424,
5.782, 22.867, -1.424,
5.757, 22.770, -1.424,
5.733, 22.672, -1.424,
5.710, 22.575, -1.424,
5.687, 22.478, -1.424,
5.664, 22.381, -1.424,
5.641, 22.283, -1.424,
5.619, 22.186, -1.424,
5.597, 22.088, -1.424,
5.575, 21.991, -1.424,
5.554, 21.893, -1.424,
5.533, 21.795, -1.424,
5.512, 21.697, -1.424,
5.492, 21.599, -1.424,
5.472, 21.501, -1.424,
5.452, 21.403, -1.424,
5.432, 21.305, -1.424,
5.413, 21.207, -1.424,
5.394, 21.109, -1.424,
5.376, 21.011, -1.424,
5.357, 20.912, -1.424,
5.339, 20.814, -1.424,
5.322, 20.716, -1.424,
5.304, 20.617, -1.424,
5.287, 20.519, -1.424,
5.270, 20.420, -1.424,
5.254, 20.321, -1.424,
5.238, 20.223, -1.424,
5.222, 20.124, -1.424,
5.206, 20.025, -1.424,
5.191, 19.927, -1.424,
5.175, 19.828, -1.424,
5.161, 19.729, -1.424,
5.146, 19.630, -1.424,
5.132, 19.531, -1.424,
5.118, 19.432, -1.424,
5.104, 19.333, -1.424,
5.090, 19.234, -1.424,
5.077, 19.135, -1.424,
5.064, 19.035, -1.424,
5.052, 18.936, -1.424,
5.039, 18.837, -1.424,
5.027, 18.738, -1.424,
5.015, 18.638, -1.424,
5.004, 18.539, -1.424,
4.993, 18.440, -1.424,
4.982, 18.340, -1.424,
4.971, 18.241, -1.424,
4.960, 18.141, -1.424,
4.950, 18.042, -1.424,
4.940, 17.942, -1.424,
4.931, 17.843, -1.424,
4.921, 17.743, -1.424,
4.912, 17.644, -1.424,
4.904, 17.544, -1.424,
4.895, 17.445, -1.424,
4.887, 17.345, -1.424,
4.879, 17.245, -1.424,
4.871, 17.145, -1.424,
4.864, 17.046, -1.424,
4.857, 16.946, -1.424,
4.850, 16.846, -1.424,
4.844, 16.746, -1.424,
4.837, 16.647, -1.424,
4.832, 16.547, -1.424,
4.826, 16.447, -1.424,
4.821, 16.347, -1.424,
4.816, 16.247, -1.424,
4.811, 16.147, -1.424,
4.807, 16.047, -1.424,
4.803, 15.948, -1.424,
4.799, 15.848, -1.424,
4.795, 15.748, -1.424,
4.792, 15.648, -1.424,
4.789, 15.548, -1.424,
4.787, 15.448, -1.424,
4.785, 15.348, -1.424,
4.783, 15.248, -1.424,
4.781, 15.148, -1.424,
4.780, 15.048, -1.424,
4.779, 14.948, -1.424,
4.779, 14.848, -1.424,
4.779, 14.748, -1.424,
4.779, 14.648, -1.424,
4.779, 14.548, -1.424,
4.780, 14.448, -1.424,
4.781, 14.348, -1.424,
4.783, 14.248, -1.424,
4.785, 14.148, -1.424,
4.787, 14.048, -1.424,
4.790, 13.948, -1.424,
4.793, 13.848, -1.424,
4.797, 13.748, -1.424,
4.801, 13.648, -1.424,
4.805, 13.548, -1.424,
4.810, 13.448, -1.424,
4.815, 13.348, -1.424,
4.820, 13.249, -1.424,
4.826, 13.149, -1.424,
4.833, 13.049, -1.424,
4.840, 12.949, -1.424,
4.847, 12.850, -1.424,
4.855, 12.750, -1.424,
4.863, 12.650, -1.424,
4.872, 12.551, -1.424,
4.881, 12.451, -1.424,
4.890, 12.351, -1.424,
4.901, 12.252, -1.424,
4.911, 12.153, -1.424,
4.922, 12.053, -1.424,
4.934, 11.954, -1.424,
4.946, 11.855, -1.424,
4.959, 11.755, -1.424,
4.973, 11.656, -1.424,
4.987, 11.557, -1.424,
5.001, 11.458, -1.424,
5.016, 11.359, -1.424,
5.032, 11.261, -1.424,
5.048, 11.162, -1.424,
5.065, 11.064, -1.424,
5.083, 10.965, -1.424,
5.101, 10.867, -1.424,
5.120, 10.769, -1.424,
5.140, 10.671, -1.424,
5.160, 10.573, -1.424,
5.182, 10.475, -1.424,
5.204, 10.377, -1.424,
5.226, 10.280, -1.424,
5.250, 10.183, -1.424,
5.274, 10.086, -1.424,
5.299, 9.989, -1.424,
5.325, 9.892, -1.424,
5.352, 9.796, -1.424,
5.380, 9.700, -1.424,
5.408, 9.604, -1.424,
5.438, 9.509, -1.424,
5.469, 9.414, -1.424,
5.500, 9.319, -1.424,
5.533, 9.224, -1.424,
5.567, 9.130, -1.424,
5.602, 9.036, -1.424,
5.637, 8.943, -1.424,
5.674, 8.850, -1.424,
5.713, 8.758, -1.424,
5.752, 8.666, -1.424,
5.793, 8.574, -1.424,
5.835, 8.484, -1.424,
5.878, 8.394, -1.424,
5.923, 8.304, -1.424,
5.969, 8.215, -1.424,
6.016, 8.127, -1.424,
6.065, 8.040, -1.424,
6.115, 7.954, -1.424,
6.167, 7.868, -1.424,
6.221, 7.784, -1.424,
6.276, 7.700, -1.424,
6.332, 7.618, -1.424,
6.390, 7.536, -1.424,
6.450, 7.456, -1.424,
6.512, 7.377, -1.424,
6.575, 7.300, -1.424,
6.640, 7.224, -1.424,
6.707, 7.149, -1.424,
6.775, 7.076, -1.424,
6.845, 7.005, -1.424,
6.917, 6.935, -1.424,
6.990, 6.868, -1.424,
7.066, 6.802, -1.424,
7.142, 6.738, -1.424,
7.221, 6.676, -1.424,
7.301, 6.616, -1.424,
7.383, 6.558, -1.424,
7.466, 6.502, -1.424,
7.550, 6.449, -1.424,
7.636, 6.398, -1.424,
7.724, 6.349, -1.424,
7.812, 6.303, -1.424,
7.902, 6.259, -1.424,
7.993, 6.217, -1.424,
8.085, 6.178, -1.424,
8.178, 6.141, -1.424,
8.271, 6.106, -1.424,
8.366, 6.074, -1.424,
8.461, 6.043, -1.424,
8.557, 6.016, -1.424,
8.654, 5.990, -1.424,
8.751, 5.967, -1.424,
8.849, 5.945, -1.424,
8.947, 5.926, -1.424,
9.046, 5.909, -1.424,
9.145, 5.894, -1.424,
9.244, 5.881, -1.424,
9.343, 5.869, -1.424,
9.443, 5.860, -1.424,
9.542, 5.852, -1.424,
9.642, 5.846, -1.424,
9.742, 5.842, -1.424,
9.842, 5.840, -1.424,
9.942, 5.839, -1.424,
10.042, 5.839, -1.424,
10.142, 5.841, -1.424,
10.242, 5.845, -1.424,
10.342, 5.849, -1.424,
10.442, 5.856, -1.424,
10.541, 5.863, -1.424,
10.641, 5.872, -1.424,
10.740, 5.882, -1.424,
10.840, 5.894, -1.424,
10.939, 5.906, -1.424,
11.038, 5.920, -1.424,
11.137, 5.935, -1.424,
11.236, 5.951, -1.424,
11.334, 5.968, -1.424,
11.432, 5.987, -1.424,
11.530, 6.006, -1.424,
11.628, 6.027, -1.424,
11.726, 6.048, -1.424,
11.823, 6.071, -1.424,
11.921, 6.094, -1.424,
12.017, 6.119, -1.424,
12.114, 6.145, -1.424,
12.211, 6.171, -1.424,
12.307, 6.199, -1.424,
12.402, 6.228, -1.424,
12.498, 6.258, -1.424,
12.593, 6.288, -1.424,
12.688, 6.320, -1.424,
12.782, 6.354, -1.424,
12.876, 6.388, -1.424,
12.970, 6.423, -1.424,
13.063, 6.460, -1.424,
13.155, 6.497, -1.424,
13.247, 6.536, -1.424,
13.339, 6.577, -1.424,
13.430, 6.618, -1.424,
13.520, 6.661, -1.424,
13.609, 6.706, -1.424,
13.698, 6.752, -1.424,
13.786, 6.800, -1.424,
13.873, 6.849, -1.424,
13.959, 6.900, -1.424,
14.044, 6.953, -1.424,
14.127, 7.008, -1.424,
14.209, 7.065, -1.424,
14.290, 7.125, -1.424,
14.368, 7.187, -1.424,
14.445, 7.251, -1.424,
14.519, 7.318, -1.424,
14.591, 7.388, -1.424,
14.660, 7.460, -1.424,
14.725, 7.536, -1.424,
14.786, 7.615, -1.424,
14.843, 7.697, -1.424,
14.896, 7.782, -1.424,
14.942, 7.871, -1.424,
14.983, 7.962, -1.424,
15.017, 8.056, -1.424,
15.045, 8.152, -1.424,
15.065, 8.250, -1.424,
15.078, 8.349, -1.424,
15.084, 8.449, -1.424,
15.083, 8.549, -1.424,
15.076, 8.648, -1.424,
15.062, 8.747, -1.424,
15.042, 8.845, -1.424,
15.017, 8.942, -1.424,
14.988, 9.038, -1.424,
14.954, 9.132, -1.424,
14.916, 9.224, -1.424,
14.874, 9.315, -1.424,
14.830, 9.405, -1.424,
14.782, 9.493, -1.424,
14.732, 9.580, -1.424,
14.680, 9.665, -1.424,
14.625, 9.748, -1.424,
14.569, 9.831, -1.424,
14.510, 9.912, -1.424,
14.450, 9.992, -1.424,
14.388, 10.070, -1.424,
14.325, 10.148, -1.424,
14.260, 10.224, -1.424,
14.194, 10.299, -1.424,
14.126, 10.372, -1.424,
14.057, 10.444, -1.424,
14.000, 10.500, -1.424,
